,0,1,2,3,4,5,6,7
0,0.0,1147.0,1167.0,837.0,1207.0,903.0,1161.0,1141.0
1,1147.0,0.0,1222.0,890.0,1209.0,913.0,1161.0,1095.0
2,1167.0,1222.0,0.0,829.0,1283.0,770.0,1128.0,1146.0
3,837.0,890.0,829.0,0.0,856.0,1046.0,988.0,866.0
4,1207.0,1209.0,1283.0,856.0,0.0,818.0,1198.0,1173.0
5,903.0,913.0,770.0,1046.0,818.0,0.0,981.0,936.0
6,1161.0,1161.0,1128.0,988.0,1198.0,981.0,0.0,1145.0
7,1141.0,1095.0,1146.0,866.0,1173.0,936.0,1145.0,0.0
